Number of instances: 506
Number of attributes: 13
Attribute names: CRIM, ZN, INDUS, CHAS, NOX, RM, AGE, DIS, RAD, TAX, PTRATIO, B, LSTAT
Attribute distribution summary:
         count        mean         std        min         25%        50%  \
CRIM       506    3.593761    8.596783    0.00632    0.082045    0.25651   
ZN         506   11.363636   23.322453    0.00000    0.000000    0.00000   
INDUS      506   11.136779    6.860353    0.46000    5.190000    9.69000   
CHAS       506    0.069170    0.253994    0.00000    0.000000    0.00000   
NOX        506    0.554695    0.115878    0.38500    0.449000    0.53800   
RM         506    6.284634    0.702617    3.56100    5.885500    6.20850   
AGE        506   68.574901   28.148861    2.90000   45.025000   77.50000   
DIS        506    3.795043    2.105710    1.12960    2.100175    3.20745   
RAD        506    9.549407    8.707259    1.00000    4.000000    5.00000   
TAX        506  408.237154  168.537116  187.00000  279.000000  330.00000   
PTRATIO    506   18.455534    2.164946   12.60000   17.400000   19.05000   
B          506  356.674032   91.294864    0.32000  375.377500  391.44000   
LSTAT      506   12.653063    7.141062    1.73000    6.950000   11.36000   
MEDV       506   22.532806    9.197104    5.00000   17.025000   21.20000   

                75%       max       mode  
CRIM       3.647423   88.9762    0.01501  
ZN        12.500000  100.0000    0.00000  
INDUS     18.100000   27.7400   18.10000  
CHAS       0.000000    1.0000    0.00000  
NOX        0.624000    0.8710    0.53800  
RM         6.623500    8.7800    5.71300  
AGE       94.075000  100.0000  100.00000  
DIS        5.188425   12.1265    3.49520  
RAD       24.000000   24.0000   24.00000  
TAX      666.000000  711.0000  666.00000  
PTRATIO   20.200000   22.0000   20.20000  
B        396.225000  396.9000  396.90000  
LSTAT     16.955000   37.9700    6.36000  
MEDV      25.000000   50.0000   50.00000  
Missing values: NONE
Pearson's correlation:
             CRIM        ZN     INDUS      CHAS       NOX        RM       AGE  \
CRIM     1.000000 -0.199458  0.404471 -0.055295  0.417521 -0.219940  0.350784   
ZN      -0.199458  1.000000 -0.533828 -0.042697 -0.516604  0.311991 -0.569537   
INDUS    0.404471 -0.533828  1.000000  0.062938  0.763651 -0.391676  0.644779   
CHAS    -0.055295 -0.042697  0.062938  1.000000  0.091203  0.091251  0.086518   
NOX      0.417521 -0.516604  0.763651  0.091203  1.000000 -0.302188  0.731470   
RM      -0.219940  0.311991 -0.391676  0.091251 -0.302188  1.000000 -0.240265   
AGE      0.350784 -0.569537  0.644779  0.086518  0.731470 -0.240265  1.000000   
DIS     -0.377904  0.664408 -0.708027 -0.099176 -0.769230  0.205246 -0.747881   
RAD      0.622029 -0.311948  0.595129 -0.007368  0.611441 -0.209847  0.456022   
TAX      0.579564 -0.314563  0.720760 -0.035587  0.668023 -0.292048  0.506456   
PTRATIO  0.288250 -0.391679  0.383248 -0.121515  0.188933 -0.355501  0.261515   
B       -0.377365  0.175520 -0.356977  0.048788 -0.380051  0.128069 -0.273534   
LSTAT    0.452220 -0.412995  0.603800 -0.053929  0.590879 -0.613808  0.602339   
MEDV    -0.385832  0.360445 -0.483725  0.175260 -0.427321  0.695360 -0.376955   

              DIS       RAD       TAX   PTRATIO         B     LSTAT      MEDV  
CRIM    -0.377904  0.622029  0.579564  0.288250 -0.377365  0.452220 -0.385832  
ZN       0.664408 -0.311948 -0.314563 -0.391679  0.175520 -0.412995  0.360445  
INDUS   -0.708027  0.595129  0.720760  0.383248 -0.356977  0.603800 -0.483725  
CHAS    -0.099176 -0.007368 -0.035587 -0.121515  0.048788 -0.053929  0.175260  
NOX     -0.769230  0.611441  0.668023  0.188933 -0.380051  0.590879 -0.427321  
RM       0.205246 -0.209847 -0.292048 -0.355501  0.128069 -0.613808  0.695360  
AGE     -0.747881  0.456022  0.506456  0.261515 -0.273534  0.602339 -0.376955  
DIS      1.000000 -0.494588 -0.534432 -0.232471  0.291512 -0.496996  0.249929  
RAD     -0.494588  1.000000  0.910228  0.464741 -0.444413  0.488676 -0.381626  
TAX     -0.534432  0.910228  1.000000  0.460853 -0.441808  0.543993 -0.468536  
PTRATIO -0.232471  0.464741  0.460853  1.000000 -0.177383  0.374044 -0.507787  
B        0.291512 -0.444413 -0.441808 -0.177383  1.000000 -0.366087  0.333461  
LSTAT   -0.496996  0.488676  0.543993  0.374044 -0.366087  1.000000 -0.737663  
MEDV     0.249929 -0.381626 -0.468536 -0.507787  0.333461 -0.737663  1.000000  
Spearman's correlation:
             CRIM        ZN     INDUS      CHAS       NOX        RM       AGE  \
CRIM     1.000000 -0.571586  0.735409  0.042337  0.820355 -0.310738  0.703673   
ZN      -0.571586  1.000000 -0.642811 -0.041937 -0.634828  0.361074 -0.544423   
INDUS    0.735409 -0.642811  1.000000  0.089841  0.791189 -0.415301  0.679487   
CHAS     0.042337 -0.041937  0.089841  1.000000  0.068426  0.058813  0.067792   
NOX      0.820355 -0.634828  0.791189  0.068426  1.000000 -0.310344  0.795153   
RM      -0.310738  0.361074 -0.415301  0.058813 -0.310344  1.000000 -0.278082   
AGE      0.703673 -0.544423  0.679487  0.067792  0.795153 -0.278082  1.000000   
DIS     -0.744381  0.614627 -0.757080 -0.080248 -0.880015  0.263168 -0.801610   
RAD      0.726496 -0.278767  0.455507  0.024579  0.586429 -0.107492  0.417983   
TAX      0.728157 -0.371394  0.664361 -0.044486  0.649527 -0.271898  0.526366   
PTRATIO  0.464386 -0.448475  0.433710 -0.136065  0.391309 -0.312923  0.355384   
B       -0.358463  0.163135 -0.285840 -0.039810 -0.296662  0.053660 -0.228022   
LSTAT    0.632969 -0.490074  0.638747 -0.050575  0.636828 -0.640832  0.657071   
MEDV    -0.557032  0.438179 -0.578255  0.140612 -0.562609  0.633576 -0.547562   

              DIS       RAD       TAX   PTRATIO         B     LSTAT      MEDV  
CRIM    -0.744381  0.726496  0.728157  0.464386 -0.358463  0.632969 -0.557032  
ZN       0.614627 -0.278767 -0.371394 -0.448475  0.163135 -0.490074  0.438179  
INDUS   -0.757080  0.455507  0.664361  0.433710 -0.285840  0.638747 -0.578255  
CHAS    -0.080248  0.024579 -0.044486 -0.136065 -0.039810 -0.050575  0.140612  
NOX     -0.880015  0.586429  0.649527  0.391309 -0.296662  0.636828 -0.562609  
RM       0.263168 -0.107492 -0.271898 -0.312923  0.053660 -0.640832  0.633576  
AGE     -0.801610  0.417983  0.526366  0.355384 -0.228022  0.657071 -0.547562  
DIS      1.000000 -0.495806 -0.574336 -0.322041  0.249595 -0.564262  0.445857  
RAD     -0.495806  1.000000  0.704876  0.318330 -0.282533  0.394322 -0.346776  
TAX     -0.574336  0.704876  1.000000  0.453345 -0.329843  0.534423 -0.562411  
PTRATIO -0.322041  0.318330  0.453345  1.000000 -0.072027  0.467259 -0.555905  
B        0.249595 -0.282533 -0.329843 -0.072027  1.000000 -0.210562  0.185664  
LSTAT   -0.564262  0.394322  0.534423  0.467259 -0.210562  1.000000 -0.852914  
MEDV     0.445857 -0.346776 -0.562411 -0.555905  0.185664 -0.852914  1.000000  
Attribute-target correlations (Pearson):
LSTAT     -0.737663
RM         0.695360
PTRATIO   -0.507787
INDUS     -0.483725
TAX       -0.468536
NOX       -0.427321
CRIM      -0.385832
RAD       -0.381626
AGE       -0.376955
ZN         0.360445
B          0.333461
DIS        0.249929
CHAS       0.175260
Name: MEDV, dtype: float64
Attribute-target correlations (Spearman):
LSTAT     -0.852914
RM         0.633576
INDUS     -0.578255
NOX       -0.562609
TAX       -0.562411
CRIM      -0.557032
PTRATIO   -0.555905
AGE       -0.547562
DIS        0.445857
ZN         0.438179
RAD       -0.346776
B          0.185664
CHAS       0.140612
Name: MEDV, dtype: float64
Important attribute correlations (Pearson):
    attribute pair  correlation
6       (RAD, TAX)     0.910228
19      (DIS, NOX)    -0.769230
11    (INDUS, NOX)     0.763651
17      (AGE, DIS)    -0.747881
7       (AGE, NOX)     0.731470
21    (INDUS, TAX)     0.720760
22    (DIS, INDUS)    -0.708027
8       (NOX, TAX)     0.668023
10       (DIS, ZN)     0.664408
16    (AGE, INDUS)     0.644779
12     (CRIM, RAD)     0.622029
23     (LSTAT, RM)    -0.613808
9       (NOX, RAD)     0.611441
0   (INDUS, LSTAT)     0.603800
13    (AGE, LSTAT)     0.602339
3     (INDUS, RAD)     0.595129
2     (LSTAT, NOX)     0.590879
20     (CRIM, TAX)     0.579564
14       (AGE, ZN)    -0.569537
1     (LSTAT, TAX)     0.543993
5       (DIS, TAX)    -0.534432
15     (INDUS, ZN)    -0.533828
4        (NOX, ZN)    -0.516604
18      (AGE, TAX)     0.506456
